123465
123546
123654
124356
124563
124635
125364
125436
125643
126345
126453
126534
132456
132564
132645
134265
134526
134652
135246
135462
135624
136254
136425
136542
142365
142536
142653
143256
143562
143625
145263
145326
145632
146235
146352
146523
152346
152463
152634
153264
153426
153642
154236
154362
154623
156243
156324
156432
162354
162435
162543
163245
163452
163524
164253
164325
164532
165234
165342
165423
213456
213564
213645
214365
214536
214653
215346
215463
215634
216354
216435
216543
231465
231546
231654
234156
234561
234615
235164
235416
235641
236145
236451
236514
241356
241563
241635
243165
243516
243651
245136
245361
245613
246153
246315
246531
251364
251436
251643
253146
253461
253614
254163
254316
254631
256134
256341
256413
261345
261453
261534
263154
263415
263541
264135
264351
264513
265143
265314
265431
312465
312546
312654
314256
314562
314625
315264
315426
315642
316245
316452
316524
321456
321564
321645
324165
324516
324651
325146
325461
325614
326154
326415
326541
341265
341526
341652
342156
342561
342615
345162
345216
345621
346125
346251
346512
351246
351462
351624
352164
352416
352641
354126
354261
354612
356142
356214
356421
361254
361425
361542
362145
362451
362514
364152
364215
364521
365124
365241
365412
412356
412563
412635
413265
413526
413652
415236
415362
415623
416253
416325
416532
421365
421536
421653
423156
423561
423615
425163
425316
425631
426135
426351
426513
431256
431562
431625
432165
432516
432651
435126
435261
435612
436152
436215
436521
451263
451326
451632
452136
452361
452613
453162
453216
453621
456123
456231
456312
461235
461352
461523
462153
462315
462531
463125
463251
463512
465132
465213
465321
512364
512436
512643
513246
513462
513624
514263
514326
514632
516234
516342
516423
521346
521463
521634
523164
523416
523641
524136
524361
524613
526143
526314
526431
531264
531426
531642
532146
532461
532614
534162
534216
534621
536124
536241
536412
541236
541362
541623
542163
542316
542631
543126
543261
543612
546132
546213
546321
561243
561324
561432
562134
562341
562413
563142
563214
563421
564123
564231
564312
612345
612453
612534
613254
613425
613542
614235
614352
614523
615243
615324
615432
621354
621435
621543
623145
623451
623514
624153
624315
624531
625134
625341
625413
631245
631452
631524
632154
632415
632541
634125
634251
634512
635142
635214
635421
641253
641325
641532
642135
642351
642513
643152
643215
643521
645123
645231
645312
651234
651342
651423
652143
652314
652431
653124
653241
653412
654132
654213
